http://rdaregistry.info/Elements/i	
4.284583455300113E-5 0
2.553048414574376E-6 1
2.5484731590320834E-5 2
9.62499400321967E-7 3
3.193577036514842E-4 4
4.979545033695657E-6 5
1.5554688063035704E-6 6
2.0245282164748527E-6 7
0.0177655184506549 8
0.0013587909058287277 9 
0.9799494302931715 10
7.407565901334109E-5 11
7.187158743532407E-6 12
1.6869432628204144E-6 
5.694179782528222E-5 
1.0507472186445878E-6 
1.827771090162786E-6 
2.860827959158435E-4 
9.54549276821418E-5 
2.189189926837813E-6

http://rdaregistry.info/Elements/w	
8.973339200028668E-4 0
0.0012035880965330233 1
0.001038969300435292 2
1.559363693306782E-8 3
0.0060473194325400105 4
8.067456179332235E-8 5
4.2036099627539415E-5 6
1.806653114447838E-5 7
0.005996818867966276 8
2.9836280099762715E-4 9
0.002580685773416392 10
8.501460939103547E-5 11
1.1644053387407555E-7 12
1.3640036818058652E-5 13
0.0028237035910139018 14
5.1482417371893205E-6 15
2.9612069126714676E-8 16
0.9541914776111086 17
0.02475755729899194 18
3.546748484749048E-8 19